12333
115746
91
130960
29603
25021
28181
17392
21050
40354
243
62222
234
144189
41066
18098
14105
237182
586
227460
20542
61487
11825
9823
132028
15126
68264
127518
128996
26997
123955
68820
163745
1822
111799
132018
38996
135219
163154
103885
37836
146439
22143
162009
7858
833
40209
3685
38823
62227
165872
15369
69779
12891
242722
21551
38718
84419
39188
730
1035
10630
24800
2081
91080
102435
38786
19622
164949
65564
79828
113873
180199
207572
22877
4688
31790
84
11057
23418
26457
204516
36400
42673
193728
149951
1608
88827
39217
18748
25417
32989
41429
136955
77
94246
6205
1499
83734
23679
35052
254
159473
206150
35614
61692
58601
208773
199904
7480
129122
6581
3605
17396
191612
12234
53093
29285
67600
68076
36399
1662
240
620
6613
173105
21133
25277
15363
154875
153728
15839
3263
5622
160418
31759
55829
99358
109291
2808
1585
134520
25729
67492
159692
20133
13532
184824
33003
8730
3553
125977
145976
551
67254
4204
33665
24070
3353
165967
14083
701
85769
32838
1442
5620
22825
4212
3202
119866
4206
39328
12896
1821
35035
41627
11949
103339
70519
20609
31552
7349
10788
125993
27739
196496
148601
2529
8481
18460
1444
175360
17393
41490
177354
17394
15826
101682
17651
3041
25900
66855
35342
237
15953
1423
36314
214996
19854
759
4211
221
173504
17484
84465
4214
483
1666
3072
101865
183578
9910
233571
127493
31291
144574
18746
10174
4258
4090
8521
1044
35669
63543
85424
14080
178896
5206
62972
25727
65936
149620
24920
204184
4205
9203
31954
1425
69130
299
6930
39019
1540
10156
29663
67601
38877
1679
219101
2516
103
36522
30804
139771
1032
3408
2998
798
163172
142889
129156
146418
508
6719
12140
188164
3577
35350
4210
155496
6203
133956
199182
223376
329
62225
3986
10641
7104
1430
176596
193238
6927
29875
6542
69234
21373
83325
3409
10642
158815
22359
5452
2077
1710
11269
28829
21779
120669
188390
3893
7614
27969
23995
195227
150761
214296
94373
1372
101785
28284
23685
92363
1645
200247
132148
8490
63758
13855
2247
215565
5205
42328
3416
19679
1563
132019
246201
94396
11168
911
8993
4854
7843
32990
7092
11265
85
22532
145975
170669
68
22161
20078
85000
5651
3413
40107
176146
27968
65825
22420
5511
10226
21414
3967
150013
135796
220588
755
2579
25794
17710
4047
101929
68260
25775
13709
39939
35400
10183
21947
18985
13403
115293
57141
157323
12897
99
12355
33924
2580
1582
235591
52328
39932
41934
129165
23
4921
41863
62230
3464
36887
124622
1589
10501
36367
62922
4958
149361
6353
209003
28452
27680
27817
160903
136000
3061
171278
4920
42997
4985
283
3661
163097
34659
692
10093
139952
57073
36597
36482
197439
26447
42306
11274
101786
5833
14683
29259
191989
2800
69278
236239
1583
2154
2748
7086
235454
912
3463
12134
67199
146228
12898
10431
5357
30958
227127
7118
86177
3992
27101
58624
1883
205907
1323
213648
224133
85204
27048
2073
5369
16804
3548
40603
8719
626
7138
1894
22457
3412
706
2150
1262
168788
174298
108722
13266
35476
39232
1681
5680
42731
158886
5677
20079
24878
88253
33785
174402
4974
122913
16805
27266
43526
202942
29379
206805
3414
27965
11437
89
12899
21358
142063
69136
68603
155689
36325
3593
4173
17536
155122
2228
1717
5614
217934
2639
28805
88406
65313
8316
17863
4884
3895
247704
93538
1829
12055
30216
39941
1209
229956
40243
42560
40258
6431
8325
6495
7251
26459
162351
49276
2447
12141
28907
190232
29383
5297
207568
14860
1678
2638
5635
7103
10662
15274
82
2238
107148
34098
165186
5686
12282
88871
4192
216865
8066
46669
37672
4368
236931
4226
230650
4001
53624
209951
987
118385
26458
5316
12567
5394
10679
169366
246873
2079
2250
173536
66781
2072
165004
129348
5233
84834
129204
1431
158237
158816
194392
4556
1720
520
10623
8887
747
13016
209511
91739
11436
3855
36297
11122
11106
4275
670
98
8798
70532
34334
85652
135840
20889
6202
90568
6861
37165
144607
66081
7634
38471
38805
11886
37383
4050
18115
228051
42396
5410
207230
160606
120265
91010
7453
11432
20266
22677
7844
7215
1496
9804
4200
20734
33077
29602
31697
1576
134524
147451
242227
195242
191790
108430
4086
164655
235342
4346
1413
18606
4008
164874
3312
205164
241987
6251
63027
4984
4769
85572
39940
1669
5699
42898
23917
198087
4244
121657
20077
62214
4255
157653
60815
6226
8812
164702
165292
106113
35477
5476
85108
37906
5042
126021
6253
41100
178655
3573
34276
7176
34747
39345
99573
3518
2324
188325
3613
4201
227995
6928
31554
4342
14007
7755
259
3710
11967
41033
39383
147716
25008
1506
136890
2464
4288
10081
23928
22378
31443
6923
59008
8208
103670
3040
10964
194078
41837
41612
27658
2891
2795
5171
98762
5698
16162
5991
46323
3110
2298
125996
156007
3608
60029
2665
4292
66080
18401
216710
3411
7662
78
3083
36596
4228
76436
11091
85609
235
2090
2076
131183
6642
131393
29109
148264
26906
2742
3050
58625
4102
5687
8284
426
207729
279644
11093
265489
22029
56320
4667
17971
4289
22472
28185
202721
8782
114261
4839
9918
29199
5829
17970
2574
12253
105024
7109
26736
3637
15827
9135
41243
1668
6540
289
178550
549
96310
11438
6767
195232
16197
250
56241
149794
126613
5826
232139
4014
12266
63928
9833
7114
198630
4362
137626
236650
1782
37257
250821
17395
37875
167650
135530
68188
5455
14403
225759
1358
113567
13520
18781
35453
254588
4291
160044
62226
8711
3218
133518
72941
8976
13254
74408
149896
5351
5965
1783
10244
11705
4270
99313
33259
73960
128204
105023
35662
72298
157521
125318
4085
20590
5827
1708
5060
22940
154125
6926
158888
8003
106978
10376
18887
1371
123185
3053
13362
194081
2162
134283
179719
42651
9237
150012
10683
175464
152345
10248
10668
156843
19903
12414
4113
233868
31542
211813
6976
5041
7975
136146
195353
235362
133689
68250
87
149286
9476
13995
7748
86406
7831
131017
3563
72799
38837
7502
11111
5504
4364
4241
113971
8722
3044
27028
9360
10149
220331
29055
2641
2885
3572
225610
7753
3237
11166
94331
41004
548
3316
149793
4207
116806
264
9865
5034
8495
88190
2844
4202
214758
31198
2494
5751
3177
13314
26745
3766
203087
7090
23400
97377
44890
63
191351
7382
8285
158793
12135
98975
2168
5485
22604
43196
12252
250481
17397
38870
187121
112381
4363
145103
192858
10986
18747
6641
1631
10383
6197
3523
54300
14452
8320
154098
741
37061
223669
11429
57803
42783
3600
5482
96061
43245
6929
36480
5559
2422
72460
6860
753
184563
110643
10579
22843
38923
30795
31553
128098
274
17537
161820
17895
128252
16435
29860
490
18652
10272
2994
259121
32150
33018
10581
41849
155315
18341
232924
25972
22377
9640
221848
10168
64
9803
8679
38361
9356
94375
1674
158982
7970
3275
5235
7922
13182
99935
5142
217609
23828
4510
1618
114530
4009
2699
5702
29382
7994
177861
13218
1189
168662
2300
25037
5769
39066
11428
222951
167580
4287
9112
252
288
7828
236974
123604
9858
29656
14559
177725
41624
9663
39426
48863
184560
8702
177062
2904
7255
97
148309
36986
67123
202
8721
10245
4121
5228
179251
36339
9867
21769
1525
801
137500
7365
5928
39189
43801
148471
36
5573
62291
15081
94255
86445
24078
1695
5255
19145
182982
4278
9104
4916
92759
16792
5274
12736
2259
1509
234673
9296
8757
3170
5294
6914
13455
101206
36598
28828
144958
3163
55781
121429
18400
255516
12459
118559
7637
4915
4436
7590
171708
14701
109922
5768
157449
132766
1901
6814
7750
5939
147919
8717
2997
6504
19902
9870
242312
23761
7177
1709
17538
10022
26474
5045
13920
17382
7278
15153
9044
67
109635
5333
3724
2236
197076
1997
60228
7635
43332
3663
75890
18724
5940
56641
39278
6916
7501
38578
12501
6046
40816
37912
36903
66986
8250
5038
150831
1844
8954
5058
68816
3246
3000
39663
133940
101118
5834
8843
4959
204003
7749
17041
5830
3985
162383
5831
198608
23915
21149
12054
959
5988
3711
5958
26697
2920
3692
23615
185241
3901
7479
12367
2995
63951
6516
72200
212401
8751
5035
23829
233016
5752
35219
30991
42131
703
7420
192288
70324
10186
147568
4914
1726
22297
34403
4449
9650
2105
22606
5278
40411
11139
10884
208321
148007
3403
50764
1713
11202
8071
1373
37592
135577
19009
31623
139433
8350
42255
4011
74311
2192
4357
239
10829
231367
3369
5279
242589
109285
170390
5023
36623
5277
75674
208700
88079
55679
1794
251228
4146
190462
249421
238919
27480
1635
3765
4918
10246
54457
4366
4343
18776
4091
4016
32907
134964
197377
8537
232267
671
2881
22182
49392
36241
12269
126026
19537
12699
7089
63868
10346
11978
49396
246129
31378
23977
6476
4234
9117
85857
33541
145549
6721
10230
39067
11694
157528
11708
6039
3466
186990
5700
2875
68387
88246
168653
24321
151936
7950
209863
21685
33030
180241
2524
75644
97939
16325
158492
4919
175230
130922
237860
28289
29376
7503
6813
3662
15435
7239
154472
1375
8351
13212
2388
9961
64331
25993
15990
5183
73363
9077
4964
83
26620
16466
18311
11699
16444
171742
107372
99042
85633
7752
218007
225909
1694
7774
65061
16972
220987
5864
6918
86458
72340
8317
208887
36612
9150
188124
42713
18687
49400
128794
8737
5929
3070
6037
23733
6646
21915
94615
30022
16456
193792
3603
7639
4425
8354
254634
4235
13645
2775
3712
3707
10310
161682
1508
3248
745
5479
68876
13981
2138
265947
137498
5992
129013
7253
7840
4917
3966
26372
10234
24693
5822
66809
4254
4978
17022
6270
8352
5264
7739
7064
13728
2213
5418
37794
31605
3641
148050
2082
5480
29375
4222
6544
41611
10916
700
5021
89342
14387
6942
68186
88006
42641
6282
5997
16674
5488
35452
4265
8359
49397
1772
10300
22758
85899
6732
120033
6045
56886
195226
74312
4970
29078
6399
9143
1620
183315
7779
10564
4020
26305
29386
130042
67339
49394
3152
24396
4293
4977
136229
4359
6700
8736
129309
10262
16450
4960
6559
1722
73361
80044
145390
26855
6374
22406
68187
8355
10102
5182
705
7609
60280
120547
87428
200959
91438
27945
2121
40385
8538
138945
11514
16455
132601
26999
40803
8834
237745
27823
8258
27944
7955
8402
26250
6826
182499
47484
226997
6038
10269
40823
3807
13779
7992
8410
49399
19909
143023
2078
6770
63823
150010
5923
16793
94949
29848
7228
13976
38881
131379
6847
6041
96157
3581
256939
1477
9908
8723
6021
103039
12067
16457
5481
9238
206464
5736
14082
143745
4290
11756
10995
7636
3035
7243
38266
11465
86919
130043
1792
5840
8049
5241
13978
15391
3162
6470
5607
6240
37260
31846
13553
57691
3670
83092
185383
238012
148745
3576
143048
11695
18205
5990
4124
8666
16196
9086
25253
36911
107917
195515
17482
23378
13980
109827
6638
9489
25841
30023
26539
38830
38836
42897
7033
5656
4500
8577
18472
97433
11113
201281
189427
8758
125400
156750
7638
1246
11964
140682
18330
9854
2918
26919
16271
11764
107703
120509
8509
67891
192023
7640
12139
22126
12718
37198
73253
14814
20774
8109
9504
1711
163255
5383
6338
11452
8626
5275
13269
251026
52
23010
8356
11373
17430
42591
16957
12900
2427
9339
11889
4802
149129
2986
102346
5483
9916
18531
146451
10467
11241
177061
5239
13224
25014
6765
41198
20432
32327
11179
742
40251
20441
10361
10268
20117
11477
89880
186974
129668
30684
9093
9866
14355
8724
67084
6699
8036
41604
174431
5835
6017
8033
11706
2153
129307
728
11110
13800
18704
9860
8742
15275
6009
175689
6744
8353
7934
12211
8037
1781
153916
6946
22826
10301
5993
5935
4087
155412
127650
20587
11132
129311
76994
39007
42881
99131
157254
5503
10534
7966
3054
2666
150429
7169
3183
4199
36674
5701
20595
8358
9846
6007
27127
4294
3691
4276
8161
6720
7082
4252
20053
1598
627
2562
15211
113656
6405
11763
4084
6672
111026
8720
5276
5200
123511
21447
8544
182409
4125
314
982
4236
17649
25994
49096
5172
11135
22227
14881
690
2809
225800
13290
11648
2975
32821
17464
97494
150424
197633
2335
25302
69815
38772
12505
8110
10470
5541
90002
208323
8362
12049
7980
7861
7058
140626
1919
37724
10221
18876
7829
7941
15212
3594
24999
38828
103469
8727
15432
18061
36604
11011
26621
5930
11500
116736
25516
6940
10261
2194
7830
6890
10676
38829
13837
9577
9197
122236
8705
160494
6215
38825
9835
17146
17208
7754
10561
42256
4494
5728
15683
8461
155414
7938
5173
8913
11435
10236
7142
11674
10267
31067
2444
3459
11433
7625
12218
107027
37741
18690
64769
12129
19246
4336
8643
3666
8328
6611
116737
9259
4349
10589
5828
8245
16432
4296
3309
6402
39279
161600
2341
9192
425
11707
5475
1773
8056
8334
1594
4215
708
9932
116739
9863
8283
4217
6360
23643
26306
9113
88045
170043
1991
8743
8703
5052
11293
14299
34195
3240
13915
12562
21503
13742
3265
94371
20054
4472
10822
23605
28096
5964
186980
4683
34890
2751
176936
69687
19304
20514
276
13881
8803
38400
6920
39565
187032
7354
10557
8322
4015
7978
2263
6146
3892
37392
6919
3616
12662
16332
6529
104353
29447
5055
25
8888
7129
7991
8042
4017
8754
6768
10611
3161
13771
3251
27359
2903
8046
12629
7003
12479
109215
40455
16673
30020
5226
707
20617
26890
10785
6042
13919
6008
10038
9111
129308
12520
4010
9438
6907
17644
6885
5955
2531
69761
3561
11469
30021
8693
10308
28253
5223
17591
126789
99062
23614
9376
4320
6036
4967
5924
709
10394
129314
142981
88925
6088
12455
6897
13498
5723
13979
9915
129310
7562
9062
11766
4168
13593
217201
116735
231457
34311
8911
17967
8747
9853
12142
2483
40638
24013
7931
6615
1697
16617
4208
7799
118537
140995
11129
43802
73244
55999
9913
4971
13299
6487
37633
11499
4651
6085
9084
24994
746
11937
9790
16471
5881
5933
76481
9973
5198
38763
10776
10264
2080
14468
24020
8363
8571
6507
14523
2988
4012
142219
85076
2474
487
3617
2720
5727
7254
41788
3615
20610
2812
8424
2757
22427
56208
17836
8043
6944
4677
26795
1029
28843
5186
6625
11855
5778
7723
650
73536
31454
1987
4021
6939
16018
33857
7112
73240
231152
2160
4794
196328
73245
8749
23642
7522
5296
13936
12676
3108
1408
88316
6896
6049
8329
7526
1575
3560
4358
8748
13316
150422
12506
9204
1649
11127
35508
7470
7141
20710
11339
23957
73238
11131
2917
3812
73230
3936
7622
5755
7368
36698
10265
8382
8101
3716
7650
7943
10634
129313
8067
8326
4295
10584
27007
35492
8731
12743
73589
31556
99044
73242
1716
200396
5194
9843
9861
5438
7566
7026
66533
22407
5335
4317
12169
5927
20708
6086
10304
6125
7230
143841
6024
25665
16272
4379
5059
11527
5453
4172
3993
9496
11399
4316
1793
5197
11534
11510
6503
7795
73243
18023
4740
19186
9033
6752
73233
4036
9233
160871
11124
7847
47475
2061
19735
5862
22176
2605
11027
8848
5193
33086
4554
4935
30081
31558
6054
163062
11125
4300
29879
39545
19351
4048
9784
5321
9736
21141
11512
10348
3970
8426
260
4285
31604
14685
24042
4413
7948
8756
9133
158586
5859
38826
15430
10946
10256
5224
11562
14474
67251
11482
7623
4049
6742
160773
151070
9398
4675
11525
31557
3634
25045
231
104012
28109
6022
12168
3677
56195
96440
164187
3245
10533
7241
5199
4245
129315
688
6774
54501
141418
2307
8364
5669
11060
4392
31586
8787
6044
16830
8741
14424
8132
72622
5994
73360
11689
4455
6053
13363
10471
3039
25991
282
8330
4843
34713
9152
5860
42352
154244
9844
255
10605
14117
73241
8102
22299
9512
4623
12059
34310
6842
31453
15164
9791
7063
18875
10893
3049
12964
36332
8457
6040
8365
16826
3815
29118
9845
8405
2599
1599
4259
4239
4237
8406
15483
93867
8833
20409
8134
125326
1616
1820
2709
21040
17787
6023
3046
13388
802
75292
224675
73251
1719
3249
5724
13912
8408
7102
6124
3674
104351
11552
4139
8360
8001
5185
12496
5437
4298
11888
9569
73232
26918
6406
4962
1570
8962
12222
2756
11126
3376
18613
42470
23285
27852
8746
8740
7539
9041
4516
2260
10472
37
38824
8471
6005
21716
7131
8863
1700
38141
1873
8755
6003
10258
3669
9263
727
8196
50719
6687
8388
8252
26292
5231
9418
10885
8331
7140
37142
13378
8246
11116
18945
803
4360
10171
7060
3468
8788
11136
31302
40388
2606
27949
10214
85123
8220
2457
5057
4778
4271
67022
5779
6404
18780
2690
16273
32324
50995
5295
13614
7267
26293
8700
11441
3174
3045
5054
8409
11292
32086
8903
18908
24969
2806
19534
14746
10543
3099
2503
14024
6938
4303
1628
7143
10392
57834
11476
5039
8909
8670
6913
860
11473
28388
11253
4247
4851
5934
69819
8446
7040
6129
24069
9847
6921
1945
38702
25223
3693
35256
5875
11112
6915
2428
7977
12519
6701
3814
173931
8753
7031
5382
8366
3527
25992
11121
8253
22644
7963
150143
5922
7541
29317
5957
17807
4680
3473
3384
8267
8419
5349
7088
3156
31585
4340
14812
9083
3354
11402
11703
2315
3571
5999
6047
2097
8357
1512
4450
2101
9110
22061
56244
3894
121324
4426
3037
9094
24325
3465
69292
17195
10008
7802
15877
6087
7651
4025
1984
72535
5890
572
23613
5926
4232
3646
6000
8324
7051
31361
122711
9565
6350
32415
5998
4815
9013
25642
25229
27667
4248
28699
18907
4646
40851
12956
147523
2637
10805
8319
9087
11483
3698
13921
8456
10590
11701
14897
33288
582
5789
3575
5043
26349
12133
22254
8470
9968
2749
8057
6702
13392
2845
9368
6004
8725
8904
18983
8024
8249
8452
6892
31421
6543
5265
3585
3271
11115
3626
36777
11047
8332
1480
8514
7982
12130
43799
6766
8966
8455
10570
4325
22392
2404
1672
3016
16191
139769
11528
4299
4319
4676
2724
10688
740
8637
10257
27961
6006
1473
6272
4508
298
24254
5882
26540
2643
74310
35658
4381
11563
33112
74936
8429
3673
4280
7009
8447
10626
5996
328
4353
4745
4175
9357
1653
3650
27
8038
11673
5204
23257
674
11561
6339
5961
4037
1503
8321
3538
2656
32124
7964
23870
32361
5181
10625
1723
3476
12924
25144
7463
2106
5051
6228
3574
3160
8454
2426
8173
2799
11683
3883
6052
1629
5203
7556
9082
1574
4373
2446
4242
13918
4627
2557
1779
124648
37305
4852
4456
37175
181
3584
1556
5040
8327
11415
5956
4240
3645
6020
4126
9118
5960
11532
11370
3602
4367
79
80
81
480
579
1033
1158
1195
1228
1241
1347
1369
1478
1521
1573
1605
1606
1612
1667
1670
1671
1704
1734
1776
1786
1789
1795
1895
1904
1929
2046
2220
2261
2267
2408
2438
2439
2477
2509
2530
2551
2552
2576
2587
2595
2661
2723
2746
2752
2798
2802
2837
2846
2847
2848
2849
2850
2851
2852
2861
2888
2890
2892
2893
2894
2913
2914
2939
2954
2966
2976
3026
3042
3113
3116
3118
3151
3168
3227
3281
3345
3467
3474
3607
3609
3614
3618
3654
3678
3680
3681
3694
3708
3755
3756
3774
3778
3789
3791
3792
3802
3803
3876
3881
3882
3890
3891
3896
3935
3939
3942
3968
4002
4006
4007
4013
4018
4130
4134
4135
4136
4137
4144
4147
4167
4180
4190
4193
4195
4197
4227
4230
4231
4243
4246
4266
4307
4334
4337
4338
4339
4347
4348
4350
4365
4400
4408
4414
4438
4546
4564
4594
4630
4645
4647
4666
4674
4686
4695
4697
4712
4725
4726
4732
4733
4759
4772
4773
4774
4775
4811
4813
4818
4832
4833
4835
4836
4837
4838
4841
4847
4848
4880
4883
4990
5010
5013
5016
5027
5036
5044
5056
5063
5069
5073
5088
5229
5230
5257
5287
5288
5289
5290
5291
5292
5293
5313
5318
5348
5350
5359
5409
5450
5466
5470
5473
5484
5508
5513
5520
5538
5568
5569
5570
5571
5579
5608
5630
5773
5774
5880
5932
5944
5945
5949
5950
5968
5971
5972
5982
5984
6002
6025
6026
6027
6028
6029
6030
6031
6032
6033
6034
6035
6065
6066
6071
6072
6073
6074
6075
6076
6077
6078
6079
6080
6081
6082
6083
6094
6097
6098
6100
6101
6102
6111
6128
6147
6148
6149
6150
6177
6180
6184
6188
6190
6196
6224
6234
6267
6329
6359
6377
6389
6393
6394
6395
6408
6409
6441
6456
6462
6464
6467
6477
6484
6506
6621
6658
6662
6722
6723
6740
6751
6832
6834
6835
6845
6859
6867
6876
6881
6894
6899
6908
6917
6924
6941
6943
6945
6996
7005
7010
7011
7012
7013
7014
7015
7017
7018
7019
7020
7022
7023
7024
7027
7028
7030
7032
7034
7036
7039
7041
7042
7043
7053
7054
7055
7056
7057
7059
7087
7128
7130
7139
7153
7158
7167
7168
7171
7190
7191
7192
7193
7197
7198
7199
7200
7201
7202
7208
7222
7223
7226
7233
7235
7273
7274
7275
7286
7337
7352
7353
7355
7369
7370
7371
7372
7379
7383
7385
7386
7387
7390
7391
7392
7393
7394
7395
7396
7397
7398
7403
7404
7405
7406
7407
7409
7411
7412
7413
7414
7415
7419
7448
7494
7495
7496
7497
7498
7499
7500
7504
7505
7506
7508
7509
7510
7513
7523
7531
7533
7535
7587
7632
7633
7656
7661
7670
7690
7703
7721
7724
7725
7726
7727
7728
7729
7730
7731
7732
7733
7734
7735
7751
7756
7765
7767
7768
7770
7772
7773
7775
7776
7781
7782
7783
7784
7785
7786
7787
7788
7789
7790
7791
7792
7793
7794
7797
7798
7841
7856
7857
7937
7969
7990
8025
8029
8044
8064
8070
8117
8131
8144
8149
8197
8198
8214
8218
8223
8231
8233
8242
8263
8268
8270
8274
8280
8281
8287
8310
8311
8312
8313
8315
8318
8333
8344
8348
8361
8367
8368
8369
8370
8371
8372
8373
8375
8376
8377
8378
8379
8380
8381
8383
8385
8386
8387
8404
8412
8413
8414
8415
8416
8417
8418
8420
8421
8427
8428
8430
8435
8436
8437
8441
8451
8453
8460
8463
8464
8465
8466
8469
8472
8473
8474
8485
8489
8492
8504
8510
8516
8518
8546
8547
8563
8602
8603
8604
8605
8607
8608
8609
8610
8611
8612
8613
8614
8615
8616
8667
8704
8708
8710
8712
8713
8714
8715
8716
8718
8738
8744
8745
8759
8760
8761
8768
8769
8774
8780
8781
8783
8793
8794
8800
8819
8820
8822
8835
8854
8867
8869
8872
8905
8941
8960
8973
9003
9007
9015
9040
9042
9045
9046
9053
9078
9081
9095
9103
9119
9120
9121
9125
9130
9134
9141
9151
9155
9180
9181
9189
9191
9196
9198
9231
9232
9241
9256
9258
9260
9261
9262
9264
9265
9266
9270
9276
9277
9280
9286
9287
9294
9314
9315
9316
9325
9326
9334
9338
9349
9355
9363
9372
9382
9389
9391
9394
9396
9397
9400
9401
9404
9407
9412
9413
9414
9424
9445
9447
9453
9462
9484
9485
9486
9487
9490
9495
9497
9498
9536
9564
9580
9613
9636
9656
9667
9719
9720
9722
9723
9724
9752
9789
9800
9827
9828
9849
9862
9864
9868
9869
9871
9886
9907
9909
9917
9957
9979
9985
9988
9991
10013
10014
10080
10146
10162
10170
10215
10223
10224
10225
10227
10228
10229
10232
10237
10238
10239
10240
10241
10243
10247
10259
10260
10266
10274
10294
10297
10309
10380
10387
10388
10391
10395
10397
10398
10407
10435
10436
10437
10447
10473
10562
10563
10568
10583
10585
10586
10587
10588
10591
10592
10601
10602
10610
10635
10657
10666
10690
10693
10694
10695
10696
10724
10725
10727
10731
10733
10735
10737
10738
10793
10797
10825
10845
10875
10877
10910
10914
10932
10966
10972
10974
10978
10991
11031
11036
11040
11041
11046
11050
11054
11055
11056
11089
11092
11123
11128
11130
11138
11140
11185
11187
11191
11206
11218
11219
11222
11223
11225
11238
11260
11261
11276
11277
11278
11288
11289
11290
11294
11297
11298
11311
11321
11327
11338
11340
11341
11342
11343
11344
11345
11346
11348
11349
11350
11351
11352
11353
11367
11378
11388
11426
11427
11430
11431
11448
11458
11463
11471
11479
11480
11488
11492
11494
11496
11498
11502
11503
11506
11507
11509
11511
11515
11529
11548
11550
11558
11569
11611
11645
11649
11678
11686
11696
11697
11698
11700
11702
11710
11746
11762
11770
11804
11811
11812
11846
11856
11913
11936
11947
11961
11966
11993
12007
12013
12015
12016
12018
12019
12023
12034
12035
12044
12051
12052
12053
12058
12064
12066
12069
12074
12075
12112
12113
12115
12116
12117
12118
12119
12128
12132
12163
12173
12178
12195
12196
12197
12202
12219
12224
12230
12233
12239
12241
12246
12273
12275
12277
12303
12335
12336
12337
12356
12362
12376
12379
12384
12385
12387
12395
12429
12437
12438
12449
12462
12465
12482
12503
12512
12521
12523
12525
12526
12527
12528
12530
12537
12542
12569
12583
12597
12630
12641
12648
12689
12719
12722
12723
12733
12734
12775
12790
12838
12839
12841
12851
12852
12853
12854
12857
12877
12895
12915
12916
12917
12918
12935
12937
12938
12940
12947
12953
12954
12968
12970
12978
12979
12994
13018
13028
13029
13048
13050
13051
13059
13064
13066
13109
13119
13142
13143
13147
13193
13217
13240
13243
13251
13252
13253
13256
13257
13268
13275
13302
13305
13310
13315
13327
13344
13345
13371
13393
13394
13401
13405
13410
13411
13415
13427
13428
13446
13472
13522
13538
13568
13569
13588
13596
13605
13612
13616
13617
13637
13639
13640
13651
13669
13679
13685
13686
13737
13738
13739
13743
13744
13762
13764
13773
13774
13787
13788
13801
13802
13804
13806
13816
13825
13834
13838
13845
13846
13847
13856
13858
13860
13871
13885
13901
13917
13929
13948
13949
13954
13955
13959
13985
13994
13996
14008
14015
14018
14049
14071
14090
14096
14097
14114
14121
14136
14144
14162
14164
14165
14173
14181
14187
14203
14204
14205
14235
14252
14263
14268
14278
14296
14304
14324
14348
14351
14353
14354
14367
14371
14394
14402
14429
14445
14472
14473
14483
14494
14497
14498
14503
14512
14513
14540
14543
14544
14581
14587
14589
14590
14620
14636
14638
14649
14656
14658
14678
14691
14720
14724
14727
14734
14756
14757
14762
14788
14806
14807
14816
14817
14818
14819
14820
14821
14822
14823
14827
14828
14829
14830
14831
14832
14833
14834
14835
14836
14837
14838
14839
14840
14841
14842
14843
14846
14847
14851
14854
14871
14885
14893
14894
14902
14934
14941
14942
14943
14944
14945
14949
14957
14971
14974
14975
14976
14986
15001
15002
15004
15005
15013
15021
15022
15024
15032
15042
15043
15044
15051
15052
15060
15061
15067
15076
15082
15084
15085
15086
15087
15088
15099
15102
15104
15105
15106
15108
15131
15138
15148
15154
15160
15166
15168
15169
15170
15181
15183
15187
15192
15198
15200
15202
15203
15204
15207
15208
15213
15216
15220
15224
15232
15233
15250
15252
15255
15256
15257
15259
15282
15296
15305
15319
15323
15327
15336
15337
15338
15339
15340
15341
15351
15355
15358
15399
15484
15557
15568
15571
15573
15574
15576
15577
15593
15595
15602
15608
15677
15684
15685
15686
15687
15688
15689
15690
15692
15693
15696
15697
15703
15704
15705
15706
15707
15717
15720
15748
15812
15909
15912
15963
15964
15965
15966
15967
15968
15969
15970
15971
15972
15973
15974
15976
15977
15978
15979
15980
15981
15982
15983
15984
15993
15997
16019
16020
16021
16022
16023
16028
16032
16054
16063
16072
16090
16093
16115
16163
16164
16165
16166
16167
16169
16185
16186
16188
16189
16190
16193
16194
16195
16205
16209
16214
16231
16254
16255
16258
16285
16288
16298
16300
16302
16303
16305
16321
16322
16323
16327
16328
16330
16331
16344
16375
16376
16377
16378
16379
16388
16394
16425
16430
16437
16446
16447
16448
16454
16459
16470
16472
16482
16483
16484
16485
16486
16487
16488
16489
16502
16503
16513
16516
16525
16533
16537
16559
16591
16595
16597
16599
16600
16601
16603
16605
16616
16619
16624
16625
16647
16650
16672
16678
16684
16698
16705
16706
16708
16709
16711
16712
16713
16714
16715
16716
16718
16740
16741
16743
16744
16745
16753
16754
16755
16756
16757
16758
16759
16762
16763
16776
16779
16806
16811
16814
16829
16832
16837
16838
16844
16845
16847
16848
16849
16851
16852
16853
16865
16867
16868
16879
16881
16882
16896
16922
16923
16927
16931
16932
16936
16937
16941
16950
16951
16953
16970
16971
16996
16997
16998
17000
17010
17011
17019
17032
17038
17039
17052
17055
17061
17064
17065
17066
17067
17068
17082
17083
17084
17085
17086
17087
17093
17094
17098
17102
17109
17116
17126
17127
17134
17142
17143
17147
17151
17153
17154
17164
17165
17197
17220
17231
17237
17242
17243
17267
17269
17275
17277
17278
17295
17301
17304
17305
17306
17307
17308
17309
17310
17311
17316
17331
17332
17335
17339
17340
17341
17342
17343
17344
17345
17349
17356
17357
17358
17359
17360
17361
17362
17369
17370
17371
17372
17373
17378
17379
17383
17388
17389
17390
17391
17410
17424
17426
17427
17428
17431
17432
17434
17435
17436
17437
17438
17452
17473
17474
17475
17476
17483
17505
17509
17516
17522
17560
17582
17590
17610
17612
17614
17615
17616
17619
17621
17622
17628
17640
17660
17661
17666
17667
17669
17677
17680
17682
17683
17684
17728
17751
17803
17858
17884
17892
17897
17902
17910
17952
17953
17956
17957
17966
17968
18003
18019
18034
18043
18059
18066
18067
18070
18071
18072
18073
18074
18075
18076
18099
18122
18126
18128
18135
18136
18144
18149
18154
18155
18158
18162
18165
18170
18174
18175
18176
18177
18206
18226
18227
18228
18229
18251
18281
18283
18286
18290
18310
18313
18314
18324
18325
18326
18342
18343
18348
18349
18353
18356
18368
18369
18371
18373
18374
18381
18398
18455
18456
18457
18458
18461
18468
18473
18474
18475
18476
18477
18495
18512
18513
18514
18518
18519
18521
18545
18558
18559
18560
18573
18591
18595
18596
18605
18614
18616
18638
18664
18665
18666
18672
18705
18706
18707
18708
18709
18710
18711
18712
18713
18714
18715
18717
18719
18720
18749
18751
18789
18796
18797
18798
18817
18818
18819
18832
18842
18853
18868
18871
18872
18878
18879
18916
18917
18918
18930
18934
18949
18950
18951
18952
18953
18967
18969
18979
18980
19003
19014
19017
19018
19025
19029
19033
19042
19050
19055
19065
19066
19067
19068
19069
19070
19071
19072
19073
19075
19078
19079
19080
19090
19091
19092
19093
19094
19095
19096
19103
19109
19111
19118
19119
19124
19126
19131
19132
19133
19134
19158
19164
19168
19169
19170
19171
19172
19174
19175
19176
19177
19178
19179
19180
19181
19185
19191
19209
19231
19233
19240
19242
19243
19244
19245
19247
19264
19269
19271
19278
19279
19281
19288
19291
19294
19297
19302
19303
19308
19310
19316
19320
19321
19322
19323
19324
19325
19330
19336
19350
19354
19355
19362
19366
19374
19390
19391
19394
19395
19452
19473
19480
19493
19494
19524
19589
19632
19639
19640
19641
19657
19660
19669
19677
19681
19683
19684
19699
19719
19722
19730
19753
19767
19768
19782
19783
19784
19785
19786
19787
19788
19789
19790
19791
19798
19800
19805
19829
19890
19901
19907
19910
19945
19968
19994
20008
20011
20012
20013
20024
20041
20061
20076
20089
20098
20169
20170
20171
20172
20176
20189
20198
20210
20246
20277
20278
20280
20293
20298
20300
20350
20356
20359
20396
20406
20429
20450
20457
20466
20475
20477
20511
20512
20513
20515
20527
20534
20535
20536
20537
20538
20550
20553
20573
20581
20583
20596
20601
20614
20627
20637
20653
20669
20670
20672
20692
20693
20697
20701
20703
20704
20705
20736
20751
20802
20812
20819
20839
20850
20877
20888
20901
20934
20936
20940
20950
20967
20976
20984
20985
20991
20994
20998
20999
21017
21038
21054
21058
21062
21078
21083
21087
21130
21132
21136
21139
21155
21164
21174
21191
21196
21205
21206
21212
21213
21233
21240
21242
21244
21251
21268
21271
21290
21291
21292
21295
21309
21312
21314
21320
21321
21329
21335
21336
21337
21338
21341
21360
21364
21369
21370
21372
21378
21384
21387
21388
21393
21394
21403
21411
21416
21417
21419
21423
21547
21560
21568
21600
21614
21619
21626
21627
21674
21688
21690
21697
21706
21707
21708
21717
21718
21781
21782
21783
21786
21787
21789
21808
21819
21820
21821
21828
21850
21851
21878
21918
21957
21959
21961
21962
21963
21964
21965
21970
21971
21973
21974
21975
21994
21997
22051
22065
22074
22083
22093
22094
22133
22138
22153
22154
22155
22160
22168
22180
22185
22204
22241
22253
22273
22274
22275
22276
22298
22311
22318
22319
22320
22325
22349
22382
22404
22405
22421
22432
22443
22444
22447
22448
22449
22480
22483
22509
22526
22563
22576
22591
22592
22596
22605
22607
22612
22642
22649
22674
22685
22687
22699
22703
22709
22710
22714
22715
22756
22757
22771
22778
22828
22870
22871
22872
22883
22909
22916
22927
22929
22942
22951
22952
22983
22990
23009
23036
23062
23063
23066
23068
23072
23073
23083
23088
23096
23100
23104
23105
23106
23120
23164
23182
23194
23266
23281
23312
23326
23339
23340
23341
23343
23344
23345
23349
23350
23425
23454
23481
23526
23545
23551
23561
23563
23572
23592
23608
23609
23610
23611
23617
23618
23619
23633
23636
23640
23641
23660
23661
23662
23663
23664
23666
23667
23668
23672
23678
23699
23700
23702
23706
23708
23709
23719
23725
23726
23729
23735
23742
23770
23825
23830
23851
23857
23925
23926
23932
23936
23939
23941
23947
23948
23961
23962
23968
23987
24003
24004
24005
24014
24016
24026
24027
24031
24045
24047
24048
24049
24050
24060
24065
24066
24072
24073
24089
24102
24123
24124
24166
24167
24177
24178
24182
24191
24197
24210
24212
24218
24219
24235
24240
24242
24243
24255
24282
24288
24289
24297
24298
24299
24300
24308
24311
24315
24326
24327
24332
24336
24372
24380
24381
24393
24394
24395
24397
24450
24493
24495
24496
24507
24513
24514
24516
24578
24626
24633
24641
24643
24644
24699
24700
24701
24705
24790
24797
24802
24812
24818
24819
24824
24865
24909
24967
24970
24971
24972
24974
24975
24990
24991
24995
24997
25009
25050
25051
25065
25094
25095
25109
25113
25138
25161
25237
25245
25250
25255
25266
25268
25285
25288
25289
25301
25346
25375
25415
25421
25422
25434
25435
25436
25437
25449
25460
25464
25476
25477
25478
25479
25482
25493
25496
25502
25521
25522
25536
25538
25539
25546
25550
25558
25559
25575
25576
25577
25585
25595
25600
25601
25602
25603
25606
25610
25635
25646
25651
25652
25659
25670
25693
25694
25731
25733
25742
25745
25750
25773
25784
25786
25796
25807
25814
25820
25875
25893
25894
25899
25929
25932
25964
25990
26004
26016
26039
26057
26058
26063
26075
26078
26102
26129
26154
26166
26174
26198
26200
26201
26203
26220
26256
26300
26301
26302
26310
26312
26313
26314
26331
26336
26342
26359
26365
26401
26404
26406
26416
26423
26424
26475
26477
26478
26485
26486
26487
26491
26492
26494
26501
26510
26519
26523
26524
26525
26535
26538
26542
26543
26544
26545
26546
26574
26597
26598
26601
26603
26606
26609
26613
26628
26644
26646
26658
26665
26676
26683
26686
26703
26731
26732
26733
26734
26735
26737
26738
26739
26741
26743
26748
26751
26752
26753
26760
26762
26763
26764
26765
26766
26767
26775
26777
26783
26792
26804
26823
26843
26872
26881
26891
26895
26896
26899
26916
26917
26924
26925
26930
26942
26945
26977
26989
27000
27012
27022
27023
27024
27032
27079
27080
27112
27116
27120
27123
27124
27128
27135
27143
27146
27185
27188
27195
27213
27222
27223
27273
27280
27308
27309
27310
27311
27317
27321
27323
27324
27325
27347
27352
27366
27367
27372
27375
27378
27399
27403
27407
27418
27423
27426
27427
27429
27430
27431
27432
27457
27472
27478
27503
27504
27509
27510
27511
27533
27550
27567
27568
27569
27582
27583
27606
27636
27640
27659
27665
27692
27727
27753
27754
27755
27756
27762
27794
27803
27821
27825
27851
27856
27859
27863
27865
27885
27887
27888
27890
27898
27905
27912
27923
27924
27925
27927
27931
27950
27951
27967
28009
28013
28014
28015
28024
28041
28045
28048
28056
28079
28082
28095
28105
28114
28122
28142
28145
28156
28157
28160
28187
28188
28189
28191
28192
28193
28199
28202
28203
28219
28250
28260
28286
28291
28311
28317
28383
28384
28394
28400
28420
28424
28428
28429
28430
28431
28432
28434
28437
28446
28448
28449
28450
28451
28453
28456
28462
28480
28482
28487
28496
28500
28504
28507
28555
28559
28561
28582
28586
28587
28588
28589
28591
28621
28627
28628
28629
28652
28653
28656
28657
28658
28659
28660
28661
28663
28664
28668
28669
28670
28671
28672
28681
28682
28688
28691
28694
28695
28702
28703
28710
28715
28730
28732
28733
28763
28768
28775
28776
28779
28780
28784
28788
28812
28822
28826
28827
28831
28847
28848
28852
28868
28900
28903
28908
28920
28925
28949
28961
28983
29012
29014
29022
29023
29064
29079
29082
29086
29087
29095
29102
29103
29104
29133
29134
29162
29215
29218
29224
29225
29226
29227
29228
29230
29239
29241
29252
29258
29262
29276
29284
29287
29300
29309
29310
29311
29312
29313
29367
29372
29373
29374
29377
29378
29380
29384
29399
29400
29423
29441
29442
29443
29444
29458
29463
29515
29521
29522
29524
29531
29559
29560
29561
29563
29574
29589
29627
29644
29648
29667
29669
29677
29688
29689
29690
29691
29695
29699
29719
29725
29742
29767
29793
29801
29807
29809
29815
29825
29827
29844
29847
29853
29856
29865
29870
29878
29890
29891
29897
29902
29913
29918
29922
29931
29941
29953
29959
29980
29981
29985
29986
30013
30016
30025
30026
30027
30028
30064
30069
30075
30076
30079
30080
30083
30096
30106
30107
30165
30167
30219
30231
30232
30233
30240
30243
30257
30258
30264
30272
30273
30275
30276
30314
30317
30320
30339
30399
30400
30415
30428
30429
30430
30431
30458
30459
30460
30461
30486
30487
30488
30491
30494
30495
30496
30497
30507
30546
30551
30552
30553
30554
30555
30556
30557
30558
30559
30560
30561
30562
30563
30564
30565
30566
30567
30568
30569
30570
30571
30572
30574
30587
30592
30595
30615
30616
30617
30627
30643
30666
30667
30668
30669
30678
30692
30724
30761
30794
30819
30831
30832
30834
30841
30843
30844
30845
30846
30847
30848
30856
30864
30883
30884
30885
30902
30910
30935
30945
30962
30972
30985
30999
31002
31025
31027
31052
31063
31064
31128
31148
31167
31174
31178
31180
31195
31205
31220
31228
31229
31230
31239
31241
31251
31252
31287
31303
31304
31338
31352
31356
31368
31369
31370
31371
31372
31423
31432
31446
31457
31458
31459
31482
31513
31517
31521
31528
31535
31537
31543
31562
31582
31583
31590
31601
31638
31651
31661
31662
31663
31664
31665
31684
31706
31710
31716
31718
31726
31727
31728
31729
31733
31735
31760
31761
31766
31768
31776
31797
31798
31799
31800
31801
31813
31826
31850
31851
31857
31863
31873
31919
31949
31953
31970
31973
31977
31988
32005
32008
32021
32022
32028
32051
32064
32070
32083
32084
32085
32093
32094
32110
32117
32159
32168
32172
32173
32183
32186
32192
32205
32213
32217
32218
32231
32234
32235
32250
32261
32282
32283
32299
32302
32303
32305
32310
32322
32323
32325
32326
32329
32330
32335
32343
32347
32348
32351
32353
32363
32364
32365
32368
32372
32373
32374
32391
32404
32418
32426
32427
32433
32472
32473
32474
32475
32477
32478
32479
32481
32482
32492
32493
32494
32498
32546
32547
32554
32555
32556
32558
32559
32560
32562
32604
32605
32607
32618
32619
32646
32660
32693
32694
32695
32696
32710
32714
32715
32729
32785
32813
32815
32816
32825
32837
32842
32843
32844
32845
32852
32862
32868
32869
32872
32881
32893
32898
32908
32913
32915
32937
32949
32956
32958
32973
32975
32976
32977
32982
32991
32997
33005
33019
33027
33042
33045
33048
33049
33050
33052
33069
33119
33120
33121
33124
33135
33137
33138
33142
33143
33148
33149
33151
33158
33181
33185
33206
33207
33222
33233
33244
33252
33262
33272
33273
33291
33369
33370
33371
33372
33389
33395
33412
33413
33428
33431
33463
33473
33481
33484
33485
33488
33490
33492
33497
33507
33511
33521
33522
33523
33525
33533
33543
33544
33564
33572
33575
33576
33579
33580
33584
33585
33586
33587
33588
33589
33590
33591
33592
33593
33594
33598
33600
33603
33622
33663
33664
33677
33703
33715
33729
33770
33778
33816
33819
33820
33821
33824
33843
33847
33849
33850
33858
33901
33917
33932
33934
33969
33972
33983
33985
33994
33998
34002
34003
34018
34027
34029
34032
34034
34040
34046
34060
34078
34079
34080
34085
34101
34103
34109
34117
34130
34156
34191
34201
34271
34272
34279
34281
34282
34303
34323
34324
34325
34326
34329
34343
34344
34349
34354
34355
34357
34358
34370
34397
34402
34413
34414
34415
34416
34418
34467
34468
34498
34509
34560
34580
34591
34597
34604
34618
34619
34631
34636
34637
34638
34640
34652
34656
34687
34694
34709
34711
34727
34729
34730
34732
34733
34750
34763
34764
34814
34826
34828
34854
34868
34886
34901
34928
34953
34960
34976
34977
35004
35005
35006
35016
35019
35021
35046
35091
35092
35093
35100
35112
35124
35136
35160
35186
35198
35211
35220
35229
35230
35231
35233
35236
35276
35334
35343
35359
35390
35398
35399
35415
35416
35420
35440
35457
35458
35461
35462
35473
35484
35490
35491
35498
35509
35533
35557
35560
35584
35591
35607
35609
35612
35613
35624
35653
35664
35678
35694
35707
35754
35757
35760
35767
35770
35771
35780
35782
35784
35787
35806
35816
35817
35818
35819
35820
35821
35822
35823
35825
35826
35827
35828
35866
35890
35891
35899
35905
35933
35962
35972
35975
35979
35981
35994
36014
36028
36029
36046
36086
36088
36127
36131
36146
36148
36156
36178
36192
36193
36207
36248
36284
36285
36289
36291
36292
36293
36294
36295
36310
36311
36312
36313
36324
36327
36328
36336
36338
36341
36347
36351
36352
36362
36368
36383
36389
36392
36393
36397
36398
36406
36416
36417
36418
36420
36440
36463
36465
36466
36476
36486
36490
36516
36517
36525
36533
36535
36556
36580
36589
36617
36620
36622
36633
36638
36652
36664
36665
36675
36676
36682
36717
36733
36753
36756
36772
36774
36775
36792
36806
36807
36816
36817
36818
36819
36835
36858
36860
36873
36877
36882
36884
36885
36886
36893
36920
36926
36927
36933
36956
36958
36961
36975
36976
36977
36978
37027
37114
37160
37164
37185
37186
37206
37212
37222
37229
37238
37250
37259
37324
37352
37353
37355
37356
37361
37365
37373
37374
37375
37404
37415
37426
37431
37432
37455
37456
37460
37463
37482
37484
37526
37536
37537
37538
37563
37600
37601
37602
37611
37620
37621
37622
37629
37630
37637
37638
37648
37649
37670
37679
37693
37703
37708
37709
37710
37711
37712
37714
37718
37719
37737
37747
37749
37756
37760
37767
37779
37783
37795
37815
37816
37818
37820
37828
37830
37833
37850
37867
37885
37890
37900
37903
37911
37918
37921
37926
37928
37932
37970
37977
37984
37985
37993
37998
37999
38002
38007
38028
38031
38045
38046
38047
38058
38059
38060
38061
38063
38064
38065
38066
38073
38091
38112
38116
38160
38183
38191
38192
38200
38205
38206
38207
38208
38209
38210
38211
38216
38217
38224
38228
38249
38250
38286
38299
38301
38306
38316
38320
38321
38329
38356
38366
38374
38381
38383
38398
38436
38472
38473
38483
38491
38492
38493
38496
38498
38500
38501
38503
38527
38528
38530
38544
38547
38551
38559
38569
38570
38572
38573
38574
38575
38576
38583
38584
38588
38589
38590
38591
38592
38593
38594
38595
38597
38598
38600
38601
38602
38604
38605
38606
38607
38608
38609
38610
38611
38612
38613
38614
38615
38616
38618
38619
38620
38621
38622
38623
38624
38625
38626
38627
38628
38629
38631
38632
38633
38634
38656
38686
38690
38691
38710
38719
38724
38725
38726
38729
38732
38759
38760
38768
38770
38776
38781
38784
38790
38792
38794
38801
38808
38818
38819
38820
38827
38831
38846
38850
38864
38874
38894
38895
38899
38903
38906
38925
38926
38927
38928
38943
38945
38948
38951
38957
38967
38970
38990
38995
38998
39005
39013
39015
39028
39047
39056
39057
39058
39060
39064
39065
39071
39076
39079
39111
39125
39128
39129
39134
39135
39136
39146
39151
39152
39175
39208
39212
39235
39238
39243
39244
39282
39285
39287
39294
39296
39335
39338
39361
39365
39377
39413
39414
39441
39442
39494
39500
39501
39539
39550
39553
39557
39575
39583
39592
39594
39596
39597
39598
39621
39632
39644
39645
39646
39654
39657
39658
39659
39667
39671
39686
39690
39691
39692
39693
39694
39708
39712
39713
39717
39719
39721
39722
39723
39724
39730
39745
39748
39763
39777
39780
39781
39786
39797
39803
39806
39807
39808
39815
39817
39822
39828
39835
39837
39838
39840
39861
39863
39870
39871
39889
39890
39891
39892
39906
39907
39929
39959
39963
39979
39984
39999
40002
40003
40033
40037
40075
40076
40078
40079
40081
40088
40102
40116
40168
40170
40185
40205
40206
40217
40242
40250
40259
40265
40355
40374
40378
40382
40383
40413
40428
40429
40430
40447
40448
40450
40462
40466
40467
40468
40473
40481
40506
40509
40519
40521
40544
40545
40546
40555
40563
40570
40571
40616
40620
40625
40634
40641
40649
40666
40668
40675
40682
40685
40690
40763
40795
40796
40806
40844
40856
40874
40895
40896
40897
40898
40904
40906
40907
40911
40914
40915
40916
40929
40947
40951
40968
40971
40973
40999
41000
41008
41009
41035
41076
41094
41113
41115
41116
41117
41132
41134
41139
41159
41160
41162
41171
41176
41201
41210
41213
41229
41237
41238
41240
41241
41263
41331
41382
41383
41397
41418
41419
41421
41424
41425
41432
41447
41465
41476
41479
41481
41483
41501
41512
41535
41552
41553
41571
41572
41581
41582
41602
41614
41616
41655
41665
41668
41671
41726
41727
41741
41748
41772
41776
41789
41791
41805
41816
41831
41848
41850
41851
41852
41907
41914
41919
41920
41921
41962
41970
41972
41975
41977
41979
41980
41985
41986
42020
42021
42026
42071
42078
42099
42103
42104
42125
42126
42127
42133
42152
42153
42154
42155
42163
42165
42168
42190
42192
42194
42196
42197
42198
42200
42201
42203
42208
42209
42212
42213
42239
42241
42242
42266
42273
42275
42280
42281
42296
42302
42303
42314
42317
42323
42325
42326
42337
42370
42398
42401
42411
42412
42420
42421
42426
42463
42467
42472
42480
42481
42544
42546
42548
42549
42567
42594
42632
42658
42666
42674
42675
42676
42698
42699
42700
42711
42722
42723
42745
42755
42763
42764
42765
42784
42835
42837
42885
42895
42896
42921
42924
42927
43046
43049
43050
43070
43073
43075
43124
43141
43163
43225
43229
43243
43260
43282
43285
43288
43289
43290
43339
43366
43385
43471
43480
43505
43555
43556
43557
43558
43576
43613
43792
44080
44509
44576
44757
45132
45135
45265
45307
45465
45520
45543
45677
45682
45684
45685
45703
45749
45758
46149
46299
46302
46368
46420
46626
46863
46991
47038
47086
47116
47162
47233
47358
47493
47872
48029
48118
48437
48495
48562
48697
48758
48905
48906
48907
49038
49070
49164
49234
49253
49475
49496
49768
49983
50002
50030
50205
50219
50231
50257
50455
50569
50576
50582
50586
50590
50596
50599
50601
50604
50605
50608
50765
50894
50929
50959
51075
51189
51280
51283
51424
51429
51529
51590
51603
51606
51607
51609
51610
51611
51612
51613
51615
51617
51618
51619
51865
51921
51971
51990
52040
52084
52085
52286
52333
52537
52658
52824
52843
52860
52862
53095
53242
53396
53588
53729
53730
53731
53732
53733
53734
53749
53782
53795
53863
53866
53867
54056
54063
54083
54084
54086
54087
54156
54157
54387
54405
54417
54451
54471
54543
54605
54620
54622
54685
54686
54687
54729
54816
54897
54943
54944
55039
55154
55215
55247
55283
55286
55325
55333
55365
55420
55619
55647
55649
55658
55728
55804
55808
55816
55817
55936
55942
55978
56010
56193
56201
56262
56306
56323
56336
56346
56412
56416
56433
56438
56593
56801
56942
57030
57031
57064
57092
57112
57191
57253
57278
57296
57307
57309
57311
57314
57329
57507
57579
57586
57597
57647
57662
57668
57672
57675
57677
57679
57804
57878
57909
57920
57937
58014
58098
58183
58216
58250
58306
58308
58310
58311
58452
58456
58457
58542
58594
58596
58597
58598
58599
58764
58836
58854
58885
58968
59004
59031
59064
59127
59152
59164
59196
59198
59246
59248
59249
59250
59251
59437
59439
59441
59444
59527
59556
59613
59657
59715
59716
59728
59770
59854
59882
59949
60012
60038
60049
60069
60075
60076
60217
60218
60386
60404
60475
60524
60525
60610
60636
60753
60791
60805
60953
60955
61118
61177
61268
61415
61426
61479
61612
61677
61679
61731
61775
61816
61819
61825
61842
61943
61945
62137
62216
62290
62316
62380
62381
62397
62425
62725
62738
62770
62781
62783
62784
62790
62791
62796
62802
62805
62807
62858
62859
62952
63007
63013
63178
63215
63312
63361
63376
63397
63528
63551
63557
63630
63688
63735
63737
63792
63818
63862
63972
64004
64011
64012
64142
64181
64222
64223
64224
64273
64276
64354
64369
64390
64416
64418
64419
64420
64451
64604
64701
64778
64779
64808
64845
64852
64959
64960
65049
65143
65198
65236
65242
65243
65308
65309
65314
65369
65370
65371
65372
65374
65377
65427
65511
65512
65518
65522
65525
65527
65528
65566
65625
65626
65663
65664
65667
65670
65671
65722
65730
65774
65775
65778
65782
65784
65785
65845
65931
66099
66102
66149
66174
66199
66200
66201
66202
66204
66205
66206
66281
66372
66441
66468
66524
66547
66581
66605
66607
66609
66612
66648
66652
66654
66655
66657
66660
66661
66662
66663
66666
66668
66673
66675
66676
66684
66685
66688
66689
66692
66697
66699
66700
66701
66703
66704
66705
66708
66713
66718
66749
66755
66759
66760
66761
66763
66764
66766
66893
66987
67035
67082
67083
67214
67270
67272
67302
67368
67370
67377
67501
67520
67539
67552
67569
67590
67596
67640
67691
67694
67705
67706
67708
67714
67717
67781
67787
67799
67862
67863
67925
67942
68009
68039
68046
68072
68106
68122
68216
68218
68220
68230
68393
68500
68601
68604
68619
68620
68636
68638
68641
68656
68657
68716
68717
68725
68752
68923
68936
68937
69069
69081
69186
69191
69203
69204
69220
69248
69250
69252
69341
69345
69346
69348
69351
69409
69498
69535
69557
69586
69597
69631
69645
69680
69694
69696
69722
69757
69758
69777
69778
69814
69833
69842
69843
69848
69886
69954
69962
70054
70092
70153
70172
70177
70184
70250
70261
70311
70327
70332
70367
70398
70461
70536
70579
70777
70809
70920
71051
71189
71396
71493
71618
71939
72037
72523
72638
72729
72964
73207
73236
73247
73248
73249
73250
73252
73362
73403
73541
73606
74136
74309
74771
75260
75509
76083
76243
76462
77577
78063
78468
79057
79452
81000
81208
81571
81726
81814
82321
83486
83604
83610
83612
83614
83803
84406
84503
84614
84746
84820
85023
85077
85124
85126
85539
85768
85770
85772
85826
85978
86251
86262
86431
86571
86816
86822
86957
86999
87097
87608
87633
87824
88008
88853
88858
88870
89627
89680
89691
89807
91459
91737
92125
92140
92490
92818
92919
93110
93150
93353
93360
93364
93430
93690
93797
93902
94035
94164
94259
94340
94343
94369
94370
94372
94377
94378
94729
94821
95004
95069
95318
95805
96021
96023
96238
96749
96777
96901
96967
97041
97112
97113
97114
97501
97759
98082
98192
98228
98267
98349
99043
99045
99063
99064
99909
99969
100168
101077
101539
101628
101629
101657
101934
102034
102145
102253
102343
102739
102838
103702
103907
103947
104121
104446
104625
104649
104957
104975
105033
105855
106185
106821
106891
106910
107012
107017
107063
107356
107402
107434
107455
107457
107568
107605
107682
107702
107761
107868
107870
107908
107909
108096
108227
108577
108706
108855
108872
109090
109460
109703
109781
110037
110047
110052
110304
110356
110565
111051
111738
111965
112066
112067
112068
112962
112995
113252
113337
113369
113534
113599
113600
113603
113604
113605
113618
113643
113772
113939
113940
113942
114275
115128
115264
115313
115325
115496
115503
115825
116738
116844
117030
117582
117689
117702
117982
118128
118129
118336
118457
118590
118639
119371
119629
119834
119835
119843
120210
121031
121326
122110
122637
122717
123275
123371
123660
123689
123755
123759
123763
123764
123839
123843
123847
124034
124199
125205
125206
125416
125646
125755
125981
126419
126708
127075
127131
127813
127823
127947
128213
128474
128695
128850
128925
129326
129341
129430
129433
129979
130014
130015
130017
130039
130040
130041
130215
130412
130612
130668
130669
130670
130671
130672
130673
130674
130884
130959
131129
131894
131895
131935
132026
132027
132085
132142
132147
132202
132204
132430
132519
132611
132803
133243
133463
133646
133662
133685
133889
134044
134269
134328
134649
134804
135089
135158
135193
135194
135401
135787
135818
135819
135895
135985
136032
136153
136215
136377
136943
137046
137497
137800
137802
137803
138319
138325
140164
140195
140593
140680
140783
140953
141058
141251
141308
141452
142266
142417
142480
142521
142585
142996
143034
143050
143360
143421
143684
143747
143839
143840
143842
143847
144017
144090
144091
144122
144135
144428
144472
144493
144556
144670
144802
144803
144829
144957
144959
144961
145315
145833
145834
145974
146272
146274
146333
146930
147318
147372
147710
147735
147799
147921
148183
148185
148367
148557
148594
148758
149082
149088
149244
149520
149521
150005
150097
150167
150197
150426
150427
150446
150511
150627
150628
150871
150881
151011
151319
151441
151511
151705
151952
151979
152228
152287
152548
152737
152937
152958
153056
153122
153128
153232
153234
153368
153433
153513
153558
153600
153732
153987
154353
154489
154794
154795
154913
154991
155257
155413
155415
155491
155754
156157
156160
156473
156597
156680
156831
156946
157002
157089
157414
157529
157532
157573
157625
157729
157978
158309
158310
158312
158315
158416
158585
158621
158767
158885
158887
158934
159070
159197
159433
159630
159631
159817
159930
159991
160077
160092
160099
160423
160433
160599
161889
161996
161999
162003
162004
162361
162680
162739
163059
163077
163112
163164
163174
163319
163320
163603
163704
163921
164022
164073
164190
164502
164578
164747
164751
164764
164855
165017
165056
165652
165753
165800
165909
165946
166064
166915
167177
167239
167254
167306
167846
168131
168228
168303
168382
168383
168385
168850
168851
168852
168853
168854
168915
168944
168947
169021
169076
169158
169236
169396
169443
169521
169540
169720
169998
170044
170118
170120
170304
170324
170759
170847
170892
170932
170994
170996
170998
170999
171694
171868
172067
172219
172414
172493
172874
172894
172929
173004
173071
173251
173374
173490
173629
174319
174339
174529
174720
174895
174996
174999
175020
175152
175232
175233
175235
175509
175536
175619
175842
175902
175920
175921
175980
176149
176153
176291
176406
176478
176485
176588
176870
177142
177356
177665
177666
177806
177955
178096
178157
178163
178572
178689
179020
179267
179404
179488
179521
179667
179738
179864
180185
180284
180366
180577
180673
180797
181006
181267
181355
181525
181526
181527
181528
182014
182016
182349
182403
182404
182405
182406
182407
182408
182410
182480
182518
182529
182713
183777
183942
183943
184349
184367
184440
184480
184505
184506
184549
184559
184561
184564
184565
184894
184933
184936
184950
184989
185057
185069
185144
185597
186021
186514
186522
186525
186643
186752
186996
187002
187009
187030
187197
187199
187200
187201
187277
187431
187520
187813
187814
187815
187816
187817
188364
188455
188573
188609
188690
188759
188782
188783
188784
188827
188877
189086
189337
189356
189374
189515
189586
189664
189827
190162
190329
190489
190549
190572
190839
190841
191032
191295
191312
191792
192634
193039
193040
193389
193497
193690
193948
193965
193966
193977
194063
194084
194190
194309
194454
195246
195366
195609
195840
196056
196257
196517
196676
196700
197297
197498
197631
197632
197634
197635
197636
197638
197639
197656
198041
198656
198721
198743
199222
199577
199801
200111
200383
200521
200659
200696
200948
200966
200987
201603
202228
202302
202435
202473
202707
202750
202751
202829
202845
202897
202989
202998
203321
203370
203757
203891
204103
204104
204115
204659
204681
204895
205279
206106
206336
206769
206770
207318
207398
207446
207480
207583
207587
208085
208087
208792
208974
208989
209113
209114
209343
209636
209640
209644
209718
209827
209830
209877
210387
210417
210428
211169
211899
213371
213372
213422
213488
213497
213802
213879
214161
214165
214168
214357
214359
214487
214535
214605
214827
214829
215390
215773
216300
216351
216401
216709
217154
217181
217519
217645
217679
217867
218042
218044
218256
218422
218491
218512
218525
218557
218618
218634
218666
218682
218683
218684
218685
218735
218761
218781
219285
219329
219718
219782
219900
219926
220460
220463
221766
222203
222314
222315
223436
223590
223851
224041
224324
224374
224442
224641
224648
224946
225082
225083
225084
225183
225263
225265
225341
225836
226115
226166
226622
226636
226789
227257
227604
227757
227842
227847
228045
228614
228686
228782
229713
229856
230606
230607
230623
230781
230789
230872
231113
231122
231124
231198
231303
231920
231983
231997
232047
232792
232879
232919
232926
233018
233093
233208
233288
233357
233606
233859
234622
234670
235453
235738
235926
235972
235983
235984
235986
235987
235991
236125
236466
236771
237289
237394
238026
238084
238244
238305
239244
239449
239769
239841
240911
241386
241532
241828
242248
242292
242354
242520
243931
243940
244026
244413
245148
245215
245609
245611
245823
246510
246751
247182
247949
247950
248332
248928
249589
249590
249650
250942
251568
251685
253680
254159
254263
254682
255381
256487
259394
260114
260465
261311
261450
262533
263223
263301
265244
267025
267661
268903
271629
272232
272502
272798
273376
273436
274178
275956
277586
279447
279776
280729
